4
3
2
3
2
10
15
20
15
16
4
9
8
3
2
4
9
8
3
2
10
11
10
15
10
10
15
16
21
20
10
5
0
5
0
4
9
4
9
4
10
5
0
5
0
4
3
8
9
4
10
15
16
15
16
4
3
8
9
14
10
11
10
11
10
4
3
2
1
6
10
11
10
11
10
4
3
8
7
12
4
9
14
13
12
4
3
8
9
14
10
15
16
11
16
10
11
10
5
6
4
9
8
9
4
10
5
6
11
12
10
15
16
15
10
10
15
10
5
6
10
11
6
5
0
4
3
4
3
8
4
9
14
13
8
4
3
8
7
6
10
5
10
15
10
10
15
10
5
0
10
11
16
21
16
10
5
0
1
6
10
5
6
1
2
4
9
14
19
14
4
3
8
7
6
4
9
4
9
4
10
11
12
17
16
10
5
6
7
6
4
9
4
3
8
4
9
14
19
24
4
9
14
19
14
4
9
4
3
2
10
5
10
5
6
10
15
10
11
16
10
11
10
11
6
4
3
2
3
4
4
3
8
7
6
10
15
20
21
20
10
5
0
1
2
10
11
12
11
6
10
15
16
11
10
10
15
20
15
20
4
3
4
9
4
4
3
8
9
8
10
11
12
11
6
10
11
10
11
16
4
3
8
13
8
4
3
8
9
8
10
11
16
17
12
10
15
10
11
10
4
3
4
9
4
4
3
8
7
12
4
9
4
3
8
10
11
10
11
10
4
3
4
3
8
4
3
8
13
8
4
3
2
3
4
10
15
20
15
10
10
11
16
15
10
4
9
8
3
4
10
15
20
21
16
4
3
8
7
8
10
15
20
21
16
4
3
2
7
12
10
11
12
17
12
10
15
10
15
16
10
5
0
5
0
4
3
8
3
2
4
3
8
3
8
10
11
16
11
12
10
11
10
15
10
10
15
10
5
10
4
9
4
3
2
10
11
16
15
16
4
9
14
9
14
10
11
6
7
6
4
3
2
3
8
4
9
4
3
4
4
9
8
13
8
4
9
14
9
14
10
5
0
5
6
10
11
16
21
22
10
11
12
11
12
10
15
10
5
10
10
15
20
15
10
10
11
6
1
2
10
15
10
5
0
4
9
8
13
8
4
3
8
9
4
4
3
4
9
4
