1001111000011000000111111110000000011001100111100001100001100110000001
1111100110011000000110000111111000000000000000000111100111111111111111
1111100110011000000110000111111000000000000000000111100111111111111111
1000011111111110011110011110011001100110000001100000000111111111100000
1000011111111110011110011110011001100110000001100000000111111111100000
1110000001111000000000000000011000000110000111111111100001100111111111
1110000001111000000000000000011000000110000111111111100001100111111111
1110000001111110011000000000000001100110000110000110000111111111111000
1110000001111110011000000000000001100110000110000110000111111111111000
1000000110011000011110011001111001100000011110011110000110011111111111
1000000110011000011110011001111001100000011110011110000110011111111111
1111111111111110000000011111111001100001111111111000000110011111100000
1111111111111110000000011111111001100001111111111000000110011111100000
1111111000011000000001111111100001100001111000000001100000000001100110
1111111000011000000001111111100001100001111000000001100000000001100110
0111100000000001100111100001100111100111100001100000000000000001100110
0111100000000001100111100001100111100111100001100000000000000001100110
1110000000000111111110000001100000000000000111100000000111111111111110
1110000000000111111110000001100000000000000111100000000111111111111110
0000000110000001111000000000000110011111111110000000000111100000000111
0000000110000001111000000000000110011111111110000000000111100000000111
1110000000000111100000000111100000011110011111100000000000000000011110
1110000000000111100000000111100000011110011111100000000000000000011110
1111100001111110000001100001111001111110000111111000000111100000011111
1111100001111110000001100001111001111110000111111000000111100000011111
1111111000000110000111111000011111111110000000011000000110000111111110
1111111000000110000111111000011111111110000000011000000110000111111110
0111111001100110000111111000011111100110000111111111111110011110011111
0111111001100110000111111000011111100110000111111111111110011110011111
0000011001100110000111111110011000000111100111111000011111111111111001
0000011001100110000111111110011000000111100111111000011111111111111001
1111111111111110000110011000000000000110000001100001111001111110000000
1111111111111110000110011000000000000110000001100001111001111110000000
1001100111111110011110011110011001100000000000000001111111111111100000
1001100111111110011110011110011001100000000000000001111111111111100000
1111100000000110000000011000011001111110000111111001111000000111100110
1111100000000110000000011000011001111110000111111001111000000111100110
0000000111100110011001111111111111111000000110000000000000011110000110
0000000111100110011001111111111111111000000110000000000000011110000110
0000011111111110011111100000011000000001111110011111111001111110000000
0000011111111110011111100000011000000001111110011111111001111110000000
1110000111100000000000000000000001111001111110011000000001111110000111
1110000111100000000000000000000001111001111110011000000001111110000111
1000011110000111100001111111111111100000011000000000000000000111100000
1000011110000111100001111111111111100000011000000000000000000111100000
0000000111100001100111100001111110000000011000011111100110000000000001
0000000111100001100111100001111110000000011000011111100110000000000001
1000011110000111111110000111100111100110000110000001100000000110000001
1000011110000111111110000111100111100110000110000001100000000110000001
1001111000011111100000011110000001111111111111111111100001111111111000
1001111000011111100000011110000001111111111111111111100001111111111000
0001111111111001100001111110000000011001100111111000011111100111100001
0001111111111001100001111110000000011001100111111000011111100111100001
1111111000011000000111100110011001111111100110011000000111100111100111
1111111000011000000111100110011001111111100110011000000111100111100111
0001111000011000011110000000000000000001111110011111100001100000000001
0001111000011000011110000000000000000001111110011111100001100000000001
0001100000000001111000011000011111100000011000011110000001100000000111
0001100000000001111000011000011111100000011000011110000001100000000111
1111111001111111100000000000011111111001111000000110000111100110000000
1111111001111111100000000000011111111001111000000110000111100110000000
1110000000011000000111111110000000000000000001111110011110000001111110
1110000000011000000111111110000000000000000001111110011110000001111110
1110011001111111111110011000000110011111111111111000000000011000011111
1110011001111111111110011000000110011111111111111000000000011000011111
0000000000011001111110011111100110000000011111111111111001111110000111
0000000000011001111110011111100110000000011111111111111001111110000111
1111100111111000000110000111100110011111111000000001111111100001100000
1111100111111000000110000111100110011111111000000001111111100001100000
0110000001100001100110000000000000011001100001100000000111111111111000
